13.0503 34.1926 44.4292
15.5233 34.4069 41.9405
15.4048 33.2073 39.0226
15.9048 30.6673 37.0452
27.0773 34.1491 48.5853
29.1329 32.0792 49.3139
31.0216 31.2948 47.2200
33.8887 31.6656 47.9033
34.5885 30.2048 52.4141
34.9799 28.4035 50.8226
37.8710 27.7137 49.4000
40.1622 29.0118 49.3548
39.0371 28.5999 48.1239
38.3874 29.1789 46.6644
37.8311 29.1236 44.0387
37.5558 30.7672 42.1315
35.8163 30.5875 42.0987
35.4939 30.6690 39.7416
34.7014 30.3000 39.2081
34.0012 30.3351 37.4305
34.9000 27.3713 37.7917
36.3798 30.2119 45.4298
37.8187 28.8886 44.9276
38.8508 29.2917 46.1653
38.6874 29.1088 48.2126
39.5763 27.2690 48.4532
41.4173 27.0734 48.5969
40.9412 28.5254 49.1815
40.3222 28.0080 49.7037
42.1892 25.7292 49.9577
39.5274 29.6853 51.4021
36.9188 28.9381 51.6782
38.1887 27.6327 50.9455
39.1780 29.6065 49.7597
38.7175 31.0701 49.1160
37.2661 30.3771 46.3849
36.0474 33.7188 45.1218
33.8207 33.7290 42.1176
34.4870 36.5427 39.7150
31.2510 37.3148 38.1438
33.6663 41.4026 35.7347
36.3421 40.4369 33.1744
36.1467 36.7430 33.8834
32.0012 38.9357 35.0471
30.7727 39.8338 32.1639
30.5031 42.8291 29.7347
29.1927 48.0872 31.2486
27.5662 48.6755 31.0159
27.3026 51.9241 30.2676
24.4530 50.3434 32.2059
22.9570 46.7889 32.2103
21.0654 44.5789 31.1878
19.7561 43.7000 34.6749
17.4176 40.8251 33.7724
22.6399 41.0886 33.7817
22.9517 39.9296 34.5801
24.3501 38.3562 31.0740
24.4151 35.5655 31.9427
28.0178 37.8250 33.4752
26.5330 40.2175 32.2319
23.9729 39.4123 32.5181
22.2265 39.1983 35.0093
26.3156 33.7489 28.6198
20.0598 36.2360 34.5380
22.7145 34.4983 33.9771
24.7032 35.7833 36.5305
22.3655 35.3711 39.1402
21.6526 32.0013 38.1299
25.1217 30.9347 38.2068
25.8470 32.4989 41.4340
23.0007 30.8366 42.9427
24.0471 27.6144 41.6669
30.2409 28.1013 42.2932
27.3775 27.8462 43.1633
24.4100 30.5887 45.5660
21.7632 27.8847 45.9727
24.5995 25.3608 45.6869
26.3038 26.9542 48.7155
27.0576 29.4670 46.3780
27.7645 27.5623 48.1650
30.5906 26.7890 47.8067
31.3342 30.0238 48.4639
32.3628 33.1780 55.1461
34.0280 31.4655 50.2841
31.5067 32.6523 50.1782
32.6345 35.6434 48.2761
31.6061 36.9639 44.8407
33.5564 39.5805 43.0550
31.5219 41.9982 40.9913
33.2278 44.1855 38.5249
32.4398 46.9077 36.5189
32.2078 51.1278 38.6250
31.6348 52.8920 35.7020
37.3266 49.9043 29.9814
31.5254 49.3253 33.3801
28.0864 48.1537 34.1303
31.0303 44.7612 33.8509
29.5932 44.3718 34.7026
33.2086 49.4631 30.6288
30.0353 50.3884 30.9345
29.7029 49.4848 33.2302
26.2875 50.2383 34.2456
26.0643 51.4818 34.4156
25.1108 52.6681 36.9434
23.8668 53.1365 38.6748
22.5549 50.8590 37.0029
27.3902 46.9372 37.5115
27.8344 48.9867 34.3980
25.5288 46.8730 32.9385
22.0037 51.0452 38.9672
22.9516 46.0782 35.3622
23.7597 48.6422 37.7722
24.6467 49.0275 41.1855
21.7240 47.4126 41.7620
23.1022 44.2129 41.2419
24.8918 44.4889 44.2492
20.6937 44.9904 43.1377
21.1504 41.5397 42.2761
23.2741 40.8829 44.9253
22.1685 44.1340 46.6726
20.2973 41.4840 45.1152
23.0908 39.1179 45.5080
23.9210 39.9824 48.7056
20.7374 39.7886 49.6979
22.6392 36.5131 47.2423
25.8919 37.1189 49.1293
23.9636 38.1298 52.2611
19.9856 36.6682 48.1690
23.1108 35.1791 49.1160
24.4040 35.8905 51.9479
27.4016 36.5267 50.1755
29.3835 39.2522 52.5939
30.3358 39.1154 50.5156
30.8581 41.1973 47.7237
33.9841 42.6012 46.4070
33.9862 45.3710 44.0907
36.5111 45.0544 41.6988
37.0965 48.0979 40.2892
40.2753 49.0252 39.6600
40.1253 52.1329 41.0597
41.8745 54.5246 39.9731
41.9832 57.8134 40.0156
42.8139 60.6670 41.7078
42.6249 60.8738 45.5725
39.4987 63.0201 45.3388
37.7180 60.3716 42.4316
38.8270 57.3706 44.3212
37.1674 58.4703 47.1405
33.9317 59.0430 45.3613
33.9412 55.4388 43.8488
34.5155 54.0954 47.1419
31.6766 55.9752 48.6409
30.4028 58.0690 45.2909
29.2701 54.6579 46.1256
30.1967 51.3055 50.2045
30.4501 51.1499 46.6743
29.7728 51.4256 50.1046
26.7313 52.3029 49.9479
25.8717 50.0738 47.4799
26.5912 47.7937 50.2685
29.5954 46.0426 49.5488
31.9479 44.8317 51.6293
33.9226 44.5249 50.9343
35.6401 45.3144 49.8427
37.2076 47.2340 47.0397
40.0950 46.1860 44.8841
42.3992 48.9526 44.0094
42.9401 47.5780 40.4508
44.9865 49.6519 41.9696
45.0278 52.3962 37.7353
46.6566 55.8555 38.2025
43.8602 57.6791 39.9912
43.9955 54.2473 42.1226
48.0855 51.3277 43.4480
49.2815 52.6926 41.1507
48.2104 55.0464 40.7998
50.4948 55.7556 43.7446
51.1489 56.1703 41.8428
50.9634 55.9753 41.6992
50.1114 56.2980 47.8154
47.2391 58.7115 47.3439
45.3078 57.3015 46.1175
45.5887 54.6223 48.1557
45.3578 56.5129 51.3947
42.2552 58.2408 50.2240
40.6095 54.9368 49.6107
41.7511 53.5743 52.8996
40.3109 56.5260 54.6609
36.9409 56.0867 53.1014
36.7204 54.2915 51.0979
36.6700 52.6712 54.2922
35.7067 57.9256 54.6941
32.6180 56.8453 52.7152
32.1251 53.6136 54.6691
36.8614 53.0844 57.1193
34.8838 54.7237 57.0597
32.1764 53.3022 56.1219
29.9794 53.6235 57.5092
29.5665 55.1138 58.4438
27.3199 52.5339 58.3079
27.5632 51.7699 56.8430
29.0996 52.3194 60.2733
27.5024 49.2185 61.8098
28.6096 46.9784 59.1237
31.7893 44.9341 59.4166
33.7731 49.7827 57.9349
34.9267 48.2391 54.7007
37.9672 46.4056 53.5339
40.5325 47.1548 50.9142
42.4144 45.0547 48.7505
45.3603 45.9721 46.9936
46.2367 44.8611 43.5922
49.5785 44.3295 42.9164
50.7137 42.9682 39.8374
53.3561 43.1046 39.5059
54.0628 43.3620 38.9386
55.4358 45.2638 38.7924
54.6593 45.8388 37.1016
53.4829 45.9877 38.0791
53.2525 46.7858 39.5901
52.3116 48.8509 40.0366
50.4284 47.6510 40.8370
51.8719 46.4882 43.6842
54.4511 47.0230 39.4420
56.0806 46.4510 39.0655
56.4106 47.2422 41.8133
58.1943 46.5706 44.2226
58.7753 49.1821 44.1494
56.6027 48.6419 42.9403
56.6476 47.4334 43.4706
56.3761 47.4849 46.1965
55.0662 50.4389 47.4614
51.9896 49.9874 46.9558
58.1303 47.5585 35.2642
58.8590 50.3536 37.7553
55.4528 52.0162 37.7576
53.8114 48.6910 38.6376
56.3361 48.0306 41.3981
51.9384 50.5954 50.6374
51.2680 52.0677 52.5044
49.0972 51.9751 52.7925
48.5543 50.2731 53.8670
48.8570 50.6981 56.0840
49.4291 49.8747 55.4190
48.9083 50.4981 57.6084
47.5601 52.7553 56.2533
45.6815 51.2252 55.3170
44.0266 49.8796 57.3692
46.0434 50.2231 55.7504
45.1556 50.7208 54.5271
44.1349 48.8947 56.0817
44.5537 46.5981 54.6268
43.3926 43.6967 54.5381
44.9226 41.7894 51.9802
46.9574 42.1055 48.8602
45.9295 40.8711 45.4854
48.3634 40.1399 42.8868
48.5361 41.4640 37.7724
48.7213 42.8434 37.2102
47.2224 49.7544 35.5399
49.5258 49.5959 32.5100
46.5878 49.5101 30.0696
44.8981 52.5881 31.5118
48.2134 54.4464 31.7776
48.4963 53.9663 27.9936
51.2869 51.4055 28.0983
51.8304 47.9650 26.6161
53.6867 45.7350 29.0978
53.6639 45.4334 32.9084
56.8420 43.3111 32.8983
60.2138 43.9156 31.3492
62.0237 41.3615 29.2122
63.6159 39.5369 32.1834
60.1090 39.1700 33.6821
60.3737 41.6099 36.5992
57.5741 44.1383 36.9642
58.3415 47.5735 35.5704
58.9391 50.2568 38.1464
55.4884 51.8334 38.1314
53.9170 48.4463 38.9690
56.4425 47.9004 41.7589
55.6149 51.4519 42.9971
51.8657 50.7871 43.0840
52.4012 47.4387 44.8177
54.1662 49.1296 47.7315
51.6689 51.9709 47.7289
48.7801 49.6099 48.2265
50.5891 47.4692 50.8500
51.2957 50.5812 52.8920
47.8350 52.0791 52.4735
46.1564 48.8109 53.5016
48.4097 48.2982 56.5034
48.1144 51.9408 57.6296
44.3630 51.4362 58.0012
44.3618 47.9014 59.3392
43.0834 46.3612 56.0638
43.8992 43.0489 54.4844
46.6046 43.3982 51.7949
46.1793 41.2622 48.6345
49.0390 40.7686 46.1684
48.3973 40.7035 42.4823
47.6966 37.6609 40.3223
51.1551 36.3360 38.1695
48.9590 38.1292 36.0242
49.5221 38.2459 33.2153
51.5995 37.8443 31.6408
52.3185 39.5947 31.9195
52.8664 40.4330 34.7439
55.1767 40.1857 35.0431
55.5120 42.2124 34.5536
55.3423 44.2109 36.7089
54.1160 44.1200 38.1343
55.6672 42.1987 39.2244
57.9268 44.1875 39.7136
56.7078 47.2802 41.3473
55.1977 45.2489 42.5537
56.7144 44.7460 44.8248
53.0382 41.9213 41.8733
53.7239 32.4584 37.8740
54.0728 31.9092 41.6187
55.2459 43.6835 46.9742
56.9234 47.9925 46.4062
53.6333 47.6561 46.5007
54.1108 44.2917 48.3292
55.8066 45.4715 50.4065
54.1681 47.7764 50.6348
52.1363 46.3030 51.6325
53.3818 45.1818 53.8886
53.9286 47.9873 54.9972
51.2780 48.8047 55.1119
49.8981 47.0682 56.5272
47.9673 45.5703 54.6805
46.5670 43.0560 54.8531
45.1189 41.4855 52.4531
44.4787 39.5495 51.8477
46.4593 40.5345 49.0012
45.7526 39.3952 45.6513
48.5787 39.0065 43.4034
48.9281 36.8279 40.2876
48.1137 33.1407 39.9952
50.0278 32.9671 36.7541
53.3294 33.7215 38.4857
53.6657 31.7237 41.6960
57.2610 32.8802 42.2447
55.9117 36.4412 42.2835
53.0810 35.3730 44.5736
55.6988 33.9014 46.9457
57.7078 37.1333 46.9063
54.5118 39.1959 47.4918
53.6971 37.0041 50.3602
56.9786 37.3719 51.7146
56.7067 40.9624 51.7990
53.4044 41.2584 53.2429
53.7375 38.7663 55.8192
51.7533 35.7733 56.9711
48.9989 37.7169 58.6897
47.8981 39.6773 55.6226
45.0912 38.2362 53.4836
46.0816 37.5019 49.8765
43.7025 36.5703 47.0731
45.2078 35.6923 43.6529
45.1798 36.2440 40.7096
49.9161 35.6523 37.3141
48.3458 35.4437 33.8179
51.1176 33.3870 32.1682
51.3422 30.6707 34.8414
48.6306 28.6748 33.0461
50.0354 29.0412 29.5148
51.3828 25.4361 29.3609
49.9480 21.9431 29.8975
50.5217 22.1283 33.6372
50.4184 25.0464 36.0993
53.7536 26.8789 36.3794
54.0191 26.8994 40.1524
57.5677 28.2570 39.8457
56.0624 31.6110 38.8493
54.5934 32.0062 42.3779
56.6752 29.9418 44.8612
58.8823 32.2546 46.9698
56.7007 35.1962 45.8738
53.5630 33.8387 47.5911
52.3354 36.2805 50.2853
52.2352 35.1688 53.9123
48.9674 37.0649 54.5314
45.4619 37.0040 53.0300
45.6389 36.8244 49.2396
43.8446 35.6009 46.1366
45.5503 33.9626 43.2066
43.6927 35.2698 40.2594
45.8609 33.2144 40.0846
44.2079 33.7431 37.1430
43.3881 30.6211 37.1431
42.4484 28.7428 35.2481
41.3509 29.6956 32.7097
38.6793 24.2216 35.6497
41.5578 22.6043 33.7224
44.3702 24.3527 35.5904
44.4619 31.6464 33.0128
46.0572 28.2885 34.5582
46.4211 28.1165 37.5979
46.9159 26.0387 39.2981
45.8269 26.5923 41.6466
47.2074 25.3887 43.9127
49.0933 26.1418 45.8886
50.3123 26.2205 43.6344
49.2945 29.3333 44.5556
50.5050 29.0204 48.1662
47.7382 28.5480 47.8337
47.8657 30.3931 51.0341
50.2864 28.0714 49.1209
51.7868 30.9267 48.9571
52.0879 30.9672 49.5817
47.7262 32.7865 49.0580
45.7775 32.2298 50.7989
44.1463 32.3960 48.7507
42.2710 32.5422 44.1790
40.1276 34.3560 42.2164
39.1170 32.7981 39.6103
37.5950 33.5399 37.2326
36.8344 32.3218 34.8266
37.3024 29.8157 35.7541
34.5682 29.6605 36.9885
32.8091 31.7420 36.1200
33.2518 30.6442 33.0947
32.8697 27.7301 34.3285
30.2084 25.9271 33.2351
29.7941 24.9304 36.3128
30.6726 26.7826 38.2554
29.6049 25.2354 41.2558
31.3875 22.5340 39.9158
34.0168 24.2714 38.9593
33.8321 25.7540 42.3430
33.4097 22.8815 44.1516
36.0407 21.8283 42.1479
37.9304 24.3550 42.7909
36.8743 23.9494 46.3820
37.4660 20.8170 46.4243
40.5220 21.4340 44.7552
41.1057 23.4533 47.1887
38.8422 23.0906 50.5781
41.5353 19.6312 48.9842
45.4899 20.5509 49.1598
44.5545 22.8389 51.4072
43.6014 20.0877 53.0343
37.4122 15.2558 46.9414
34.1804 13.3660 46.2569
