-24.3831 30.1312 -14.4106
-26.1538 29.9385 -12.0054
-29.0894 32.1823 -12.9069
-29.1156 34.9182 -10.2512
-32.0801 37.1383 -9.3518
-31.4417 40.2774 -7.2989
-33.7858 40.6776 -4.3188
-34.8610 44.3259 -4.4618
-36.2406 44.3312 -0.9246
-32.7148 43.7027 0.3968
-30.3717 44.9041 -2.3542
-30.1095 48.3869 -3.9076
-32.0283 49.9180 -0.9907
-29.9117 53.0544 -1.4368
-32.5890 54.1072 -3.9391
-36.4202 54.0258 -3.9492
-37.9518 50.6516 -4.8263
-39.1124 51.6977 -8.2887
-35.5364 52.6828 -9.1899
-34.0502 49.3384 -8.1409
-35.0387 47.5399 -11.3314
-32.7424 49.7817 -13.3726
-30.0348 49.4105 -10.7201
-30.2283 45.6191 -10.9362
-30.0040 45.6605 -14.7345
-27.0866 48.1040 -14.5843
-25.2704 45.5864 -12.3770
-25.9782 42.7798 -14.8413
-28.9072 40.8695 -13.3293
-31.4542 39.3591 -15.7224
-34.0545 38.7658 -13.0366
-35.2831 40.2468 -9.7768
-37.4610 39.2585 -6.8486
-38.8279 41.1436 -3.8657
-41.2893 40.8007 -1.0257
-44.3088 43.0436 -1.5555
-45.2964 44.9034 -4.7543
-48.7468 45.9121 -3.4718
-48.0199 49.5825 -2.7609
-47.3124 49.9977 -6.4803
-49.6115 49.4331 -9.4415
-48.9926 46.4373 -11.6889
-48.5632 48.9830 -14.4893
-45.7325 50.7514 -12.6323
-43.7771 47.5455 -12.0646
-44.5176 46.0649 -15.4861
-43.0588 49.1913 -17.0924
-39.8050 48.8528 -15.1271
-39.5540 45.1400 -15.9190
-39.9965 45.6667 -19.6626
-37.8290 48.7921 -19.7365
-34.9780 46.8452 -18.1702
-35.6995 43.5023 -19.8361
-36.0740 41.7863 -16.4798
-37.8105 38.6061 -15.4047
-39.7399 38.7015 -12.1195
-38.7706 35.4262 -10.4367
-40.7713 35.6626 -7.2164
-42.6743 37.7522 -4.6737
-44.7583 37.2011 -1.5221
-48.3720 37.4279 -0.4494
-48.8857 40.3968 1.9243
-47.5606 40.3644 5.5274
-50.5926 41.9019 7.1770
-49.7731 44.4263 9.9111
-46.0136 44.1095 10.4783
-46.0859 46.4646 13.4497
-48.7486 44.3544 15.1345
-46.2894 41.4813 14.8430
-47.8155 39.8116 11.7891
-45.7966 38.1127 9.0536
-48.4908 36.4027 7.0109
-52.2071 35.7325 7.3750
-52.4576 32.2586 5.8347
-51.6637 30.4451 9.0895
-53.9815 32.5538 11.2579
-57.3108 31.0639 12.4243
-60.2505 33.3744 11.7819
-58.4065 35.3655 9.1179
-58.9518 32.8843 6.2774
-61.0656 35.2400 4.1585
-58.3620 37.9032 4.3910
-55.7137 35.3106 3.5172
-57.6765 34.2973 0.4299
-57.8822 37.9768 -0.4735
-54.0820 38.2096 -0.1436
-53.6779 35.1031 -2.2964
-56.0855 36.3915 -4.9427
-54.3064 39.7584 -5.1276
-50.9569 37.9917 -5.4919
-52.4035 36.0572 -8.4291
-53.5533 39.3123 -10.0266
-50.0130 40.6710 -9.7440
-48.3702 37.4097 -10.8714
-50.5150 37.3588 -14.0119
-49.8733 41.0071 -14.9093
-46.1435 40.7924 -14.1708
-45.5658 37.4166 -15.8366
-44.3019 35.8372 -12.6155
-44.4072 32.0296 -12.4398
-44.3820 31.7306 -8.6561
-45.5837 33.2593 -5.4045
-44.4808 32.5630 -1.8510
-47.5869 32.3299 0.3129
-46.5613 33.5614 3.7548
-47.7013 31.5587 6.7744
-47.6319 33.6228 9.9522
-46.3609 34.0764 13.4855
-47.8842 31.9148 16.2121
-48.7426 33.9548 19.3433
-47.3222 32.6447 22.6190
-49.6267 30.1012 24.2348
-51.4799 29.4747 20.9736
-51.6540 25.9560 19.5377
-49.2884 25.7035 16.5693
-51.1309 22.6435 15.2568
-54.3131 24.6540 14.6796
-52.3091 27.2542 12.7563
-50.5888 24.5659 10.6827
-53.9198 23.0074 9.7060
-35.9097 33.3316 -20.8311
-32.8218 34.6811 -21.2147
-33.0922 34.4282 -20.8475
-34.3668 36.4997 -22.1493
-33.5055 39.1735 -21.0975
-31.1335 37.3602 -20.8556
-32.3757 34.2687 -21.3738
-32.6284 34.3467 -20.8629
-30.5173 33.8260 -22.5988
-29.7566 30.7294 -22.4689
-30.3042 29.1064 -23.8903
-31.2097 29.3222 -23.6799
-27.9335 28.4195 -25.0858
-26.8223 27.7526 -24.8433
-29.1181 27.7569 -24.8805
-27.7160 27.2333 -25.7216
-24.3581 26.1364 -25.8323
-23.4819 27.9431 -22.6637
-23.7482 25.9231 -20.0030
-22.7217 24.9146 -18.9438
-19.6373 25.9374 -17.4346
-20.1248 25.7861 -13.8042
-19.1531 24.7054 -12.7173
-16.6740 23.6604 -11.4344
-15.3977 26.2729 -9.0238
-14.9973 25.1584 -6.3832
-15.4417 24.0287 -5.3335
-14.5235 24.5305 -3.7341
-16.8963 26.5485 -4.8633
-20.3589 26.6095 -5.1786
-21.0267 27.6965 -4.1938
-23.9657 27.6822 -3.4743
-24.6270 28.8792 -6.6041
-26.3328 28.8935 -6.1130
-26.0803 28.7713 -7.8393
-24.8703 30.2656 -6.6566
-24.6053 30.4133 -7.8948
-25.0276 29.3767 -11.4840
-24.0556 26.7167 -11.0752
-24.5772 29.0399 -9.8283
-25.6670 30.9314 -12.8784
-25.2543 27.9880 -15.2068
-28.2148 26.2378 -14.0769
-30.0014 26.3182 -12.9641
-30.7315 24.9120 -15.8912
-29.7136 22.9629 -17.4118
-23.9984 18.0705 -23.2281
-25.2551 16.9410 -22.9736
-26.4532 15.0279 -24.1221
-24.9817 15.5091 -24.4993
-22.4494 10.5701 -24.2388
-20.9101 11.0316 -24.9828
-19.4136 10.7959 -23.8031
-18.7352 13.0521 -23.5311
-17.2991 15.2122 -22.0409
-17.9555 17.1536 -19.4751
-17.8641 19.5203 -19.1003
-17.2494 19.4058 -17.6489
-17.0402 19.6356 -17.6789
-15.8808 21.2693 -15.5753
-14.8072 12.7899 -18.7850
-13.5138 11.7288 -18.2807
-15.0806 13.9678 -16.9481
-15.2035 16.1264 -16.7749
-15.4369 18.4184 -15.7991
-15.7264 20.3195 -15.9735
-15.0716 22.0758 -15.2375
-15.0569 23.7350 -15.5290
-13.2481 25.6371 -14.5945
-12.6967 27.2833 -14.5923
-10.8879 28.0835 -13.0637
-10.7211 29.9611 -11.9090
-11.2627 30.9645 -12.5853
-13.3876 31.8195 -12.5051
-14.0431 33.0230 -12.2267
-16.7893 32.4967 -11.6689
-18.5725 31.8892 -11.1621
-20.2355 32.8786 -13.3146
-19.5395 32.6870 -14.4900
-19.8942 31.1193 -13.7963
-22.7807 31.4307 -13.3813
-23.1458 31.9920 -15.0393
-22.0699 30.6276 -14.9467
-23.9783 28.7525 -13.3252
-25.7679 28.9060 -14.4391
-25.3490 28.4130 -16.2701
-24.8488 26.4593 -16.3212
-26.3702 25.2830 -16.2546
-27.2593 24.7330 -18.2861
-26.4201 23.1604 -19.7958
-27.0625 21.1958 -20.8086
-25.2097 19.3767 -20.9159
-25.0147 17.2891 -22.0570
-24.2373 15.3817 -22.1065
-22.5755 14.1669 -21.2542
-21.0455 14.5272 -19.9411
-19.7281 14.7444 -16.9949
-19.7048 16.4927 -16.1885
-17.9402 17.8872 -13.7366
-17.7335 21.2175 -12.7261
-15.1528 22.4985 -10.8242
-15.5796 25.3312 -8.9955
-13.4954 27.2007 -7.2178
-14.1343 27.1986 -4.1484
-10.9788 28.6888 -6.1170
-9.9463 29.8677 -5.5613
-9.0152 29.6101 -4.9130
-8.0011 29.6159 -5.6681
-7.6900 32.4560 -6.3340
-8.7679 33.6544 -3.8654
-15.1726 41.5165 -16.9229
-12.4984 43.5319 -18.5900
-17.7417 44.7611 -21.3189
-16.6677 46.4079 -24.5874
-19.1984 49.2060 -24.0687
-19.4477 49.3944 -20.3103
-17.7269 50.0760 -17.0335
-17.7495 47.7204 -14.0472
-21.0427 47.2055 -12.2901
-19.7173 45.2491 -9.2895
-16.6956 45.5918 -6.9985
-13.7145 43.2886 -7.1596
-12.3029 42.3016 -12.7988
-12.4738 41.5439 -10.4230
-12.7246 39.6452 -9.1907
-10.0190 33.5941 -3.9040
-11.8838 32.9354 -2.0976
-14.4583 31.3584 -2.4568
-16.4381 30.8598 -2.6220
-17.6727 28.1873 -0.7593
-19.1156 29.2719 -1.5696
-20.2141 28.7767 -4.6173
-19.7642 25.2021 -4.4229
-22.8532 24.7459 -2.5113
-24.8628 26.5662 -5.0038
-23.4506 24.6561 -7.7694
-22.6176 21.9759 -6.5888
-16.0899 21.2248 -4.9405
-13.3777 23.6613 -6.0019
-12.1277 26.7204 -7.8650
-9.7578 27.4906 -10.6961
-7.6074 30.5145 -11.4247
-5.4738 32.4354 -13.8178
-2.2035 33.5820 -12.2447
-3.3459 37.1843 -12.3663
-6.6948 36.4713 -10.7099
-4.9227 35.1637 -7.6174
-1.8856 37.4495 -7.5840
-2.2822 40.9896 -9.0952
-0.0689 41.4386 -12.0817
3.2405 42.9751 -11.1201
3.0860 41.9551 -7.4672
6.3630 41.8452 -5.5734
7.4852 38.5053 -4.2223
6.2485 39.4215 -0.6608
2.7989 40.4514 -1.9617
2.6445 37.2833 -4.0789
3.3653 35.0300 -1.1240
0.7133 36.8693 0.9418
-2.0054 36.4415 -1.6938
-1.1519 32.7466 -2.0480
-1.1343 32.1332 1.6998
-4.5972 33.7483 2.2952
-5.9966 31.6714 -0.5928
-4.4745 28.3914 0.6248
-5.8390 29.1199 4.1135
-9.3341 29.5447 2.6612
-9.0356 26.3406 0.6313
-7.7702 24.5004 3.6409
-10.5881 25.8237 5.8544
-13.4191 24.8712 3.4287
-12.0536 21.7087 1.8517
-12.2871 23.3819 -1.5688
-9.9132 22.0160 -4.1777
-8.0335 23.5147 -7.1329
-8.2451 20.9947 -9.9783
-7.1760 23.3052 -12.8038
-5.1982 26.4829 -13.3421
-4.2157 28.6405 -16.2756
-2.1694 31.6645 -17.3086
-3.4567 35.0782 -18.2874
-1.7986 35.5906 -21.6990
-4.4630 38.0296 -22.9036
-5.1832 41.0593 -20.6666
-1.8990 42.9115 -20.5082
-1.1766 45.0828 -23.5654
2.1302 43.2416 -24.1245
-0.0053 40.3163 -25.3460
-1.8492 42.3820 -27.9617
-0.5514 40.1804 -30.7879
-0.3691 36.9430 -28.7905
1.6392 35.1722 -26.1648
3.0859 32.0189 -27.6411
2.5566 33.2674 -31.2248
3.2759 36.9574 -30.8000
5.2966 38.2245 -33.7496
7.8139 39.7140 -31.2580
10.1542 36.9547 -30.0691
10.8203 38.5801 -26.7162
7.0541 38.4812 -25.9739
6.9065 34.7869 -26.8406
9.7255 34.0965 -24.3586
7.9849 36.1733 -21.6716
4.7439 34.2941 -22.2499
6.5363 30.9980 -21.6531
8.2296 32.2468 -18.4764
4.9100 33.5825 -17.1337
3.2749 30.2184 -17.8488
6.0649 28.1545 -16.2657
5.9511 30.1983 -13.0509
2.2583 29.4819 -12.7288
2.6163 25.7662 -13.5887
4.8063 25.4422 -10.5094
2.1036 27.0940 -8.3641
-0.6829 25.0351 -9.9376
1.0903 21.8160 -9.1222
1.6029 22.8756 -5.4746
-2.1127 23.6825 -5.1259
-3.1733 20.3459 -6.6267
-4.1347 21.1360 -10.1812
-3.9787 18.1046 -12.4126
-4.8775 20.0353 -15.5827
-3.2379 23.2063 -16.8521
-5.3869 25.0308 -19.4309
-4.0641 27.1152 -22.2996
-6.4995 29.5174 -23.9551
-4.7291 31.2792 -26.7709
-7.2278 34.1435 -26.9486
-4.7298 36.5872 -28.4606
-3.2679 34.0857 -30.9638
-4.6044 35.0574 -34.3760
-5.2423 38.0962 -36.5175
-7.5903 40.7662 -37.7965
-5.8847 40.8829 -41.2326
-4.3633 38.3884 -43.5883
-0.6716 39.2900 -43.7552
-0.3343 40.0628 -40.0316
0.0648 36.4147 -39.1269
1.6419 33.6507 -41.2527
-0.4026 30.8309 -39.7983
1.9432 28.0006 -40.7395
4.7867 29.8032 -38.9634
2.5357 30.6914 -36.0432
1.6688 26.9895 -35.6949
5.4173 26.2484 -35.6338
5.7490 28.7215 -32.7479
2.6817 27.2758 -30.9756
4.1093 23.7557 -31.2646
7.4962 24.9669 -30.0457
5.8930 26.5566 -27.0015
3.8023 23.5369 -26.0703
6.7499 21.2095 -26.6416
8.9151 23.4095 -24.3356
6.2242 23.2372 -21.6496
6.0446 19.4660 -22.0445
9.8153 19.1699 -21.6674
9.6237 21.3276 -18.5251
6.8686 19.3226 -16.8469
8.6062 16.0308 -17.7925
11.9559 17.2146 -16.3992
10.3294 18.2965 -13.1042
8.4369 15.0254 -12.8181
5.1441 16.8402 -12.4080
1.8424 15.0672 -12.5769
-0.0283 17.5840 -14.6047
-1.4484 17.5147 -18.1483
-2.2711 20.3758 -20.5384
-5.6616 21.1414 -22.0222
-6.0584 23.5017 -24.9913
-9.2726 25.5320 -24.9098
-10.4949 26.4173 -28.4189
-12.3749 29.5418 -29.3628
-13.0627 30.6718 -32.9489
-12.8628 34.4628 -32.5454
-12.9874 37.2365 -29.9496
-10.8331 39.0854 -28.9878
-8.9602 38.3981 -32.2589
-10.8141 38.5421 -35.5420
-9.9272 34.8770 -35.9943
-8.1963 32.8053 -33.3219
-5.7783 29.9835 -34.1089
-7.0027 26.4721 -33.2371
-10.6125 27.7499 -33.4958
-12.5033 24.5387 -32.6310
-12.1786 21.2581 -30.7632
-11.2064 19.6094 -34.0257
-8.3965 21.9879 -34.8291
-6.9890 21.6465 -31.3204
-7.1897 17.8315 -31.4019
-5.4345 17.8389 -34.7516
-2.6538 20.1173 -33.5574
-1.9840 17.9682 -30.4994
-1.1479 15.0102 -32.6737
1.8865 16.9354 -34.0806
3.3477 17.7247 -30.6049
6.3868 15.8450 -29.4055
4.5650 14.2346 -26.4342
0.9044 14.1405 -27.5480
-0.1133 12.1025 -24.5094
0.4435 15.1903 -22.2774
-2.1847 17.2764 -24.1098
-5.9439 17.2381 -24.4487
-8.7780 19.7188 -24.8571
-10.7919 21.9539 -22.5546
-13.8311 22.6280 -24.7688
-16.3162 25.3207 -23.8107
-20.0399 25.0740 -24.6510
-20.3311 28.6193 -25.8887
-17.1212 28.6326 -27.9334
-18.0802 25.7565 -30.2252
-21.5328 27.3894 -30.5239
-19.8476 30.6299 -31.7294
-18.9874 28.5779 -34.8464
-22.5454 27.1989 -34.9806
-21.2551 23.7412 -34.1239
-22.9273 20.9692 -32.1348
-21.1910 20.9482 -28.7509
-22.2871 17.3923 -27.7770
-20.9159 16.1403 -31.1096
-17.5682 17.8238 -30.5318
-17.3931 16.4301 -27.0128
-18.1392 13.0047 -28.4403
-15.1831 13.3546 -30.8119
-12.9328 14.4910 -27.9458
-14.0703 11.5172 -25.8286
-13.5360 9.1772 -28.8104
-9.9603 10.4913 -29.0467
-9.3402 10.0718 -25.3098
-8.7133 13.7948 -24.9586
-11.5042 15.2602 -22.7801
-9.2268 16.3566 -19.9685
-11.4801 19.1426 -18.6584
-14.5963 20.9967 -19.8032
-16.0776 24.4618 -19.4875
-19.8331 24.5552 -18.9639
-21.9389 27.6278 -19.7633
-24.5780 28.8941 -22.1741
-24.6108 30.8035 -25.4305
-27.5283 32.1969 -27.4875
-26.2389 31.5883 -30.9366
-23.5152 32.9536 -33.1792
-22.4798 36.2128 -31.5411
-20.0443 37.5464 -28.9678
-19.0334 35.1355 -26.2034
-21.8489 35.4583 -23.6986
-20.7875 33.0156 -20.9641
-24.3741 32.6201 -19.7322
-24.9712 30.2898 -16.7958
-25.0985 26.6209 -17.7001
-28.5090 25.5681 -18.9227
-29.1917 28.9511 -20.4528
-28.7062 29.3989 -24.1767
-29.2382 26.1389 -26.0324
-31.0772 24.1124 -23.4310
-31.4915 20.9565 -25.4719
-27.7522 20.9586 -26.2519
-27.1664 21.2070 -22.4778
-29.3930 18.1409 -22.0453
-27.5759 16.1437 -24.6987
-24.2277 17.2051 -23.2496
-25.1154 15.9670 -19.7650
-26.5345 12.7439 -21.2776
-23.1832 12.1735 -23.0310
-20.9112 13.0863 -20.1013
-22.8631 10.7779 -17.7875
-23.0683 7.8146 -20.1709
-19.3336 8.1812 -21.0380
-18.3926 8.2533 -17.4067
-16.5426 11.5541 -17.6017
-14.7091 11.8202 -14.2797
-13.2884 15.2701 -14.4653
-14.4511 18.5018 -12.9192
-17.8226 19.9263 -13.9008
-16.3265 23.4212 -14.3562
-18.3489 26.5285 -15.0369
-16.7966 29.2952 -17.0943
-19.6417 31.7718 -16.9128
-20.3190 35.4329 -16.2531
-23.1718 36.5450 -14.0382
-24.6650 39.2577 -16.2775
-23.5953 42.7433 -15.3499
-27.2406 43.5872 -14.5984
-26.7551 41.5892 -11.3906
-25.5583 42.6543 -7.9667
-23.6003 40.2790 -5.7061
-26.7378 38.4466 -4.6309
-27.4533 37.7373 -8.2947
-23.8989 36.5238 -8.7823
-24.4408 33.7521 -6.2476
-27.9290 32.9857 -7.6028
-26.4856 32.5544 -11.0802
-23.6660 30.3455 -9.7713
-26.1911 28.2301 -7.8836
-28.2565 27.9981 -11.0657
-25.3285 26.5123 -13.0011
-24.8643 21.4759 -6.2391
-27.2893 21.7288 -4.6683
-28.0447 22.7759 -6.5928
-28.3216 23.6546 -9.6282
-26.0334 17.7998 -9.1640
-26.7793 21.3361 -11.3969
-28.2541 18.9936 -10.2387
-30.7255 18.3792 -10.8479
-31.5588 18.3466 -12.8303
-28.4879 18.4392 -13.0299
-28.2642 16.8885 -14.7697
-27.1488 15.8229 -13.1030
-25.1818 14.7408 -14.0800
-22.6653 16.5202 -13.3046
-20.3129 16.5717 -11.1874
-18.9974 18.8544 -9.0337
-15.7372 19.5685 -8.1839
-13.6249 21.4449 -6.2540
-11.1765 22.5191 -5.7283
-10.1691 21.3987 -3.6284
-9.2157 20.6046 -1.1064
-8.5155 20.1400 1.5310
-8.3931 18.6892 3.2658
-9.7298 19.3231 5.0252
-11.3261 19.7875 4.5421
-11.8692 20.1670 4.8325
-12.1102 20.9424 6.0802
-11.7372 22.3074 5.5513
-11.8154 22.5620 3.7281
-13.0364 22.8558 3.3655
-14.2775 23.1006 2.4112
-14.8833 22.2091 1.0537
-16.3049 19.9540 0.2082
-16.2108 18.2001 -0.7063
-16.5075 16.5515 -1.9453
-16.3758 16.2176 -1.4311
-15.8131 17.3866 -2.2597
-14.7930 16.9706 -3.8237
-14.2978 16.4229 -3.4653
-13.9902 17.4583 -3.4922
-13.1587 17.6839 -3.8810
-12.6601 16.2056 -3.9659
-11.1619 15.6835 -5.5591
-9.2425 15.3911 -6.6100
-7.6224 16.1593 -6.1228
-6.9920 15.7007 -5.1898
-5.6797 15.3464 -6.1872
-4.2839 14.7501 -5.4535
-4.0162 16.0151 -5.7280
-4.1210 16.9425 -7.4042
-3.1796 16.7946 -7.8277
-3.8835 17.2719 -6.2651
-4.1539 17.1657 -5.7009
-2.8700 16.3508 -6.6184
-2.6064 16.6885 -6.2466
-4.1942 17.9803 -4.7788
-5.0509 18.1102 -4.2912
-4.1675 16.7019 -5.3217
-4.6675 15.8410 -6.3109
-4.4107 15.5925 -6.2603
-3.2429 14.5225 -6.2398
-2.6702 14.5145 -5.9483
-2.6856 15.6419 -5.9113
-3.0656 15.7670 -7.4810
-1.8733 14.5337 -7.4725
-2.1143 15.5765 -6.8425
-2.3547 15.7244 -7.8896
-2.1093 15.4897 -8.6594
-1.7082 14.2442 -8.5269
-2.1023 14.3602 -8.0172
-2.6450 14.4087 -8.5269
-3.2211 13.1095 -8.3129
-3.7196 13.7361 -7.0814
-5.0881 13.9909 -6.4029
-5.6874 14.6280 -6.9403
-5.0047 15.4149 -7.7696
-4.0837 15.6082 -9.2893
-2.6949 16.1082 -9.6974
-1.8811 16.7989 -10.3829
-0.4687 17.0204 -11.0825
0.4310 16.8507 -12.1365
1.9777 16.6260 -12.5670
3.0598 16.8892 -13.7472
4.1163 17.0293 -14.5398
6.4843 17.3201 -14.4174
7.3862 17.6682 -14.6138
7.7222 16.8171 -14.4650
6.6973 14.9022 -14.8603
6.4401 14.4913 -15.8430
7.1069 14.5984 -15.8661
6.9044 14.2367 -15.8401
5.8751 12.4971 -16.4507
5.4420 11.8491 -15.0673
3.8973 11.9399 -14.5581
3.0596 10.8244 -14.5461
3.9284 11.3425 -13.8198
3.3116 12.1590 -13.6615
2.0592 11.8235 -13.9535
2.5974 11.2437 -13.3115
3.0492 12.5166 -12.3775
1.5351 12.7619 -12.3445
0.6160 12.0627 -12.8059
1.6973 11.8433 -12.6159
1.3268 13.1475 -11.5881
0.0598 12.9609 -12.1226
0.0241 11.8255 -12.6994
-0.1386 11.1965 -11.5490
-1.8460 12.0145 -11.1070
-2.9651 11.5480 -12.1566
-4.0160 10.5430 -12.2888
-4.2573 9.6763 -12.8680
-5.0576 10.6155 -13.6743
-4.8969 12.1973 -14.5818
-4.8076 12.1923 -16.0946
-5.1749 12.6090 -16.7699
-4.8830 13.7970 -16.4631
-4.0418 14.4489 -17.3538
-3.5217 14.8682 -18.6850
-2.4144 15.2177 -19.6300
-1.6123 16.4091 -20.1044
-0.8202 17.1615 -20.0670
-0.9764 18.3054 -20.4725
0.3502 18.8018 -21.5697
1.3091 19.6524 -20.8846
1.1895 19.7574 -21.2368
-0.3278 20.1340 -22.2370
-0.4660 21.0448 -21.7567
0.4101 22.0292 -22.0863
1.1904 21.8259 -23.0780
0.4997 21.3639 -24.3810
-0.1319 20.1081 -24.5989
-1.2277 19.2562 -25.2309
-1.5816 18.1180 -25.7447
-2.0826 17.1887 -26.6749
-2.2813 16.0535 -26.6623
-1.6177 15.9907 -25.9197
-1.8388 16.2500 -25.2158
-2.7978 15.2381 -25.3829
-2.8686 13.6705 -25.6319
-2.2150 13.7763 -24.6915
-2.8854 13.7117 -23.8917
-3.6552 12.3715 -23.8854
-2.5117 11.2856 -23.6086
-1.9175 11.1441 -21.9412
-3.1529 10.5998 -21.1480
-3.3298 9.1606 -21.6036
-2.4199 9.1937 -21.4680
-3.3132 9.3553 -20.3656
-4.3649 8.6793 -20.4592
-3.1097 8.3297 -20.7632
-2.4209 8.9194 -19.3248
-3.8812 9.5694 -18.3851
-5.1038 9.2256 -18.7809
-5.2701 9.3299 -19.9909
-6.2846 9.7815 -20.7855
-7.7380 10.6988 -20.3743
-7.6275 12.4042 -20.2020
-7.5076 13.3909 -21.3571
-8.7484 13.9851 -22.2857
-9.3970 15.1375 -22.0380
-9.4664 16.3444 -22.1314
-9.6437 18.1590 -22.5865
-9.0139 19.5826 -23.2536
-9.6596 20.6606 -24.6138
-8.9568 21.8753 -25.5651
-7.8729 23.3324 -24.6747
-7.9282 23.9341 -25.4949
-9.6145 23.8886 -26.7076
-10.7127 23.2307 -28.1880
-11.4784 23.1813 -28.9784
-12.3483 22.2850 -29.7285
-11.4085 21.0831 -30.0816
-11.2560 19.7278 -29.8794
-11.5266 18.3498 -29.8852
-10.5373 17.3320 -30.2913
-10.1427 16.8400 -29.7239
-10.6788 16.4149 -29.0635
-10.8325 15.8198 -28.6056
-9.6186 14.9561 -28.9159
-8.9255 14.3494 -27.8278
-8.7100 13.0360 -26.7209
-7.5363 14.6504 -24.0592
-8.9670 16.6235 -23.6516
-10.8706 17.3701 -22.7196
-11.1184 19.5358 -22.3767
-10.4144 21.4170 -21.0727
-10.7654 23.2104 -20.4685
-11.1975 25.6529 -21.6279
-10.4108 27.4851 -22.0954
-11.5066 27.6882 -22.9413
-13.2830 26.0871 -23.4693
-14.3931 26.9917 -22.2427
-15.5147 28.1919 -22.7542
-16.7038 27.2066 -24.8930
-17.5566 26.7056 -26.5903
-15.5467 25.3493 -27.4647
-15.4607 23.2758 -25.8526
-16.7353 21.5235 -27.0215
-15.2271 21.4563 -28.4850
-13.8093 20.4304 -26.9928
-15.3106 18.5887 -25.9427
-15.7836 17.3686 -28.1660
-13.6977 17.4074 -28.5496
-13.7872 15.3394 -27.4737
-14.7407 15.2571 -29.5011
-12.6638 14.9577 -30.7792
-11.6472 13.5542 -28.2558
-12.4451 12.2145 -28.1072
-13.4777 25.3957 -27.4316
-13.5863 26.7633 -27.0682
-9.3109 39.1325 -30.2209
-8.5862 41.5835 -32.1750
-6.9521 42.0425 -34.4374
-4.3802 44.2674 -36.1546
-3.9211 44.4095 -39.4883
-0.8446 45.6091 -40.3198
1.3380 46.3909 -41.6625
0.2373 46.1527 -40.9019
-1.6555 46.3606 -39.9414
-3.8662 43.8403 -38.7016
-7.6020 44.1110 -39.4162
-9.8910 42.4396 -37.4181
-11.9880 40.4191 -38.3008
-11.3563 38.4987 -37.6110
-10.7292 35.4505 -36.9354
-10.5391 35.5647 -37.0835
-9.7542 36.0469 -36.2674
-8.3468 36.9786 -35.4151
-7.1636 33.9511 -35.8395
-8.1885 31.1487 -36.6107
-5.9263 28.6699 -37.9787
-2.6585 29.2238 -36.4078
-3.2704 27.6722 -36.2307
-4.9847 27.2467 -38.5905
-2.5544 28.0308 -38.3683
-3.6715 28.8022 -35.7547
-5.4996 28.7852 -33.4106
-5.7895 26.1392 -33.2930
-5.1195 25.6645 -31.0947
-3.9406 26.0135 -28.1415
-4.9050 26.3643 -29.3308
-5.7517 25.8901 -30.0210
-4.0345 25.2742 -27.1726
-3.4879 25.9891 -25.4587
-3.5167 28.9787 -25.3954
-5.8092 28.8240 -22.5007
-4.2929 30.0236 -20.0483
-6.3037 29.9847 -19.3876
-6.7997 29.1782 -21.1800
-6.6895 29.8378 -21.9748
-8.6826 30.6859 -21.7453
-8.5028 33.7259 -21.4806
-9.1145 35.5414 -24.1375
-10.5761 35.7579 -24.5965
-13.7625 36.0520 -23.6255
-14.1385 39.4631 -24.7347
-14.5535 41.0132 -25.5781
-17.8617 42.1700 -26.8003
-20.4216 39.9304 -26.2597
-21.6138 41.4288 -25.9164
-20.3260 39.1318 -25.6777
-22.1376 36.8577 -27.8764
-19.8930 35.3336 -29.2872
-18.0504 33.6055 -29.7325
-18.5206 30.2376 -29.2750
-17.8019 29.2084 -32.0679
-15.2480 27.5269 -32.4140
-15.4042 24.7435 -30.0768
-18.3391 22.6537 -31.2843
-19.2712 23.7371 -34.0319
-18.7927 22.6301 -32.2885
-18.4115 21.7710 -30.4907
-20.3661 23.5184 -32.3305
-20.9832 23.9121 -33.4994
-21.0798 15.2413 -25.5189
-24.1154 12.8534 -25.4342
-25.2994 13.9082 -28.9671
-21.7592 13.3942 -30.3587
-21.5103 10.0437 -28.5819
-24.7361 8.8372 -30.2721
-23.5831 10.0119 -33.7495
-20.0867 8.4862 -33.3799
-21.5693 5.1597 -32.2116
-24.0490 5.2160 -35.1561
-21.1169 5.9157 -37.5202
-19.0038 2.9809 -36.3233
-22.0016 0.6037 -36.2365
-23.1557 1.3715 -39.8015
-22.3996 -1.6038 -42.1261
-21.9046 0.8705 -44.9817
-19.1996 2.6472 -42.9345
-17.5412 -0.7181 -42.0036
-17.4063 -1.4603 -45.6767
-15.9881 2.0188 -46.4397
-13.2946 1.5162 -43.7848
-12.1264 -1.6624 -45.5582
-12.2877 0.1201 -48.9389
-9.8416 2.6793 -47.3887
-7.6294 -0.1261 -45.9380
-8.0304 0.8490 -42.2605
-7.9315 -2.9057 -41.6631
-4.4627 -3.1159 -43.3168
-3.1835 -0.2394 -41.1958
-3.8567 -2.3746 -38.0696
-1.7494 -5.3391 -39.4370
2.0004 -5.4890 -38.8008
4.1823 -4.2908 -41.6862
6.7779 -7.0406 -41.2220
5.8489 -9.6287 -38.5915
7.8947 -11.9358 -40.8254
10.9715 -10.0197 -39.5523
13.8603 -8.0074 -40.9344
15.6569 -10.7642 -42.8983
12.4718 -11.9739 -44.6054
11.7004 -8.3832 -45.5624
15.2124 -7.9190 -46.9773
14.7518 -11.1390 -48.9945
11.2408 -10.3748 -50.2044
11.4489 -9.2788 -53.8728
7.7517 -8.2848 -53.8490
8.7081 -5.5080 -51.3444
11.1114 -3.8280 -53.7911
12.7243 -5.4991 -56.7986
9.3482 -6.6723 -58.2176
7.0599 -4.1263 -56.4874
4.8169 -2.4235 -58.9737
4.9076 1.1715 -57.6990
2.6181 2.5931 -60.4084
-0.1105 0.0773 -59.8101
0.0828 0.8012 -56.0803
0.1691 4.5755 -56.7793
-3.0060 4.3791 -58.9151
-5.1702 2.8856 -56.1219
-7.4422 5.5819 -54.7434
-7.7541 5.7636 -50.9801
-11.5318 6.4239 -50.9895
-11.1247 8.8500 -48.0244
-13.6160 11.4489 -49.3407
-16.5208 8.9529 -49.4853
-15.6056 7.8255 -45.9613
-15.4777 11.4209 -44.7222
-18.8664 12.2486 -46.2805
-20.3453 9.2030 -44.4994
-18.9021 10.6822 -41.2722
-20.4353 14.1176 -42.1048
-23.8902 12.5383 -42.8703
-23.7570 10.6814 -39.5264
-22.7147 13.7814 -37.5219
-25.5588 15.7788 -39.1228
-28.2256 13.0190 -38.8346
-28.5397 13.0231 -42.5855
-28.1589 9.2991 -43.2479
